1111100000000000000000000000000000000000000000010000100001000010
111110000000000000000011000110000000000100010
111110000000000000000011000110000000000000000000000000000000000000000010
1111100000000000011000000000000000000000000000000000000000000000
1111100000000000011000000000000000000000000000000000000333300000
0000000011000000000000000000000033330000000000000000003333300000
00000000110001100000000002000003333333000000000000000033343300000
000000000000011000000200000000033343330000000000000000000330000000
0000000000000000000000002000000033333000000000000000000000000000000
00000000000000000000000000000000033330000000000000000000000000000000033333330
00000000000000000000000000000000000000000110000110000000000000000003333300333
000000000000000000000000000000000000000001100001100000000000000000033300000333
0000000000000000000000000000200000000000000000000000000000000000000343000000333
0000000000000000000000002000000000000000000000000002200002200000000333000000343
0000000000000000000000000000000000000000000000000002200002200000000033300000333
0000000000000000000000000000000000000000000000000000000000000000000003333333330
00000000000000033300000000000000000000000000000000000000000000022000003333330
000000000000003333333000000000000000000000000000000000000000000220
0000000000000333353330
000000000000003333330
00000000000000033333

